632
632 632 4 632 0.10663711952984008
632 632 8 6 0.350316994917731
632 632 4 6 0.2568703130338419
9 10 11 12 0.4442199336551937
13 632 4 10 0.4074765114540689
14 12 1 0 0.2627807806897034
9 6 8 15 0.5740636831106886
16 17 17 16 0.30982493497546565
18 19 19 18 0.7645503719342382
1 12 20 0 0.3530464666442043
11 10 21 22 0.7018879729542329
5 23 5 24 0.29837584450576293
2 3 25 1 0.34412105764846956
4 632 4 26 0.4476647012901738
0 27 0 632 0.20304981050585647
16 17 28 29 0.5019233633384527
2 3 30 31 0.4069199834028305
5 7 632 32 0.18502391109611632
33 34 35 36 0.6218036148648983
37 8 19 38 0.8389275065318007
39 40 0 13 0.547968605939525
41 42 43 44 0.8989646808755042
45 46 47 48 0.7827912703148239
49 50 51 50 0.561439133970872
14 632 632 632 0.05313839277792359
9 12 632 7 0.2635312029678267
21 26 21 52 0.8956412953470885
13 10 11 10 0.5626097008022145
53 54 632 55 0.5161871496182631
56 57 58 59 0.8097938024294444
15 18 17 1 0.43418016819192934
632 632 19 8 0.41963219322572304
0 16 632 632 0.1343985447784581
0 20 60 1 0.4241632503958171
22 21 61 62 0.8791068680921307
63 18 64 65 0.5692553414269765
2 66 67 31 0.5034799021183025
68 28 28 69 0.7369934245950452
34 35 70 71 0.8651971849064782
21 22 72 10 0.7810414524893542
73 10 72 74 0.7585273874796805
35 34 71 75 0.8363827219111658
76 46 77 78 0.9554533938109595
79 80 81 82 0.9553034681647439
34 35 83 33 0.6879399990820586
16 84 85 29 0.7265261324490454
86 87 88 89 0.916198672405605
90 91 8 92 0.7462046991930243
93 91 20 0 0.602233961647091
13 94 95 94 0.6964022835300575
96 3 97 98 0.5510851583141183
5 23 5 99 0.3467709791966158
100 51 100 101 0.7288097686982958
102 39 103 104 0.8078718948623559
105 16 106 107 0.6695110242049495
39 105 632 13 0.4950460054125227
105 108 28 29 0.7030826082348534
48 109 110 39 0.7141154014379433
111 112 108 48 0.8187578250565971
18 19 113 112 0.8583883773602814
114 115 116 1 0.6158690106755728
88 87 117 118 0.920520130657171
119 120 121 122 0.7569238045040344
50 51 100 123 0.6781624137233389
9 36 632 7 0.30523561455519826
12 1 124 125 0.5700088433546628
10 11 126 9 0.5267277514476931
127 10 35 38 0.720642358197314
128 129 130 131 0.9660109246467496
132 57 133 134 0.817777768352667
76 135 136 137 0.9600528223354161
44 43 138 41 0.8976338578749106
53 139 5 140 0.6008332238181979
141 4 4 141 0.6757903466322387
142 143 143 142 0.9199359676995578
45 135 144 145 0.8499484148596804
68 146 85 69 0.8891485869534317
147 89 8 148 0.9042976324375493
149 150 70 71 0.9412865801295319
71 70 151 34 0.9088303286633724
152 153 154 155 0.8647141866954805
117 118 154 87 0.9272260034400859
68 85 156 157 0.9495880646286264
158 66 159 160 0.7561969976269947
121 161 9 162 0.6808657366677776
53 163 10 164 0.8785863682872811
145 165 166 160 0.8137763963086625
167 79 168 169 0.856152850608476
170 171 121 172 0.9167684957835127
173 174 175 93 0.9142355202821052
31 176 176 31 0.5926499111711959
56 57 177 93 0.7851002552879588
178 178 179 180 0.7090601228697946
19 18 112 141 0.8615207858044959
10 11 42 21 0.7470738695248842
52 41 51 41 0.7192456819405361
17 17 181 182 0.49132009939878735
15 44 50 1 0.547286836155195
1 12 183 124 0.6229526080873157
0 49 0 632 0.23806349898974646
184 3 185 186 0.7595890796666237
187 188 189 188 0.9189428706708076
9 109 9 23 0.49222679796270663
190 191 43 44 0.8948055948309177
192 61 193 194 0.9189264682259097
114 115 195 31 0.6629392712295377
5 127 10 196 0.5474231297651342
197 198 21 199 0.9410201815934471
119 92 8 200 0.6976644268960743
13 10 102 10 0.6133407410307545
194 201 9 139 0.7321264612547415
49 202 203 202 0.8811009028503479
204 205 206 207 0.947597802664578
208 143 113 143 0.8717024854669023
19 632 4 141 0.5574435651281131
35 38 143 142 0.8353660281803517
9 126 10 127 0.6102017564364487
147 209 210 155 0.9209384264054041
211 212 213 103 0.823586433712966
31 36 176 31 0.5379045609949222
214 214 215 216 0.8701960419618925
183 42 41 44 0.8811466016732097
125 9 15 8 0.6030727741512715
192 217 218 219 0.9339156125375768
18 19 220 18 0.7987398847118719
33 221 124 15 0.6849117936915685
158 3 222 34 0.659395869177562
181 17 28 68 0.6173426029842647
100 223 224 101 0.8977014696714476
225 226 227 228 0.9674619824854166
229 117 107 103 0.9699570862484082
44 43 230 190 0.856152850608476
105 231 156 232 0.8432296415162283
233 234 231 48 0.7537307103659127
117 118 235 234 0.8137763963086624
87 88 236 86 0.926258883445898
237 61 238 239 0.9055013087122411
71 70 238 149 0.9475978026645782
240 241 242 78 0.9503681184768578
243 50 244 245 0.7809781899189808
20 10 13 632 0.4442434706566532
246 21 141 143 0.8836718904069953
247 112 248 249 0.892409830980914
205 206 250 251 0.8651971849064782
252 61 150 147 0.9589672002443187
0 20 89 93 0.6360288241768557
253 254 9 255 0.7351957468287195
131 209 166 160 0.9205201306571709
256 179 179 257 0.856151572065697
118 117 234 258 0.8443924447475954
259 86 260 261 0.8947188159540489
262 87 263 65 0.735984162312446
264 265 265 157 0.8701960419618925
266 267 267 266 0.5926499111711958
170 268 253 269 0.9423926467347429
168 169 270 271 0.8989646808755043
272 273 21 274 0.8527375037214322
275 174 276 134 0.9311843681464174
26 4 4 277 0.6320874075718093
278 10 151 155 0.8097891546981929
21 22 88 61 0.9209384264054041
49 50 244 202 0.7212700184106099
124 182 9 15 0.6462275475389307
279 107 85 68 0.9770286922137483
39 279 10 280 0.8704224180908563
13 94 281 94 0.7290086194645641
262 228 282 98 0.823586433712966
63 44 283 98 0.7194153288478967
284 285 250 251 0.6879399990820586
229 190 286 225 0.955303468164744
160 167 209 131 0.8932584204756159
287 288 215 289 0.8771404578764201
183 38 37 8 0.8515651639970443
264 290 28 69 0.7910612202955436
78 291 270 271 0.9155242412711424
21 42 38 292 0.9253255153622779
114 293 294 31 0.7126701391250055
21 22 9 161 0.7212676499266129
15 18 178 31 0.5470672420538898
295 87 296 31 0.7267732569486751
297 86 298 59 0.8885178937697735
158 3 299 160 0.691737177687258
45 46 300 145 0.8156231764944242
79 301 124 37 0.8872179010922803
107 106 181 302 0.7785585818760647
295 228 303 1 0.7122638990057113
103 104 304 81 0.9674619824854166
224 305 224 101 1.0005172458670897
228 227 306 307 0.807871894862356
308 307 305 307 0.8951582227064053
206 205 251 309 0.9088303286633723
310 129 311 168 0.8671132922149551
105 107 85 29 0.8616094525679365
90 104 21 120 0.8585730580360017
103 104 110 39 0.8706539408221382
37 18 28 34 0.7207491205113101
0 181 10 13 0.5097749574567917
38 70 312 38 0.9376382242754906
288 313 314 287 0.8454682483263294
71 68 21 52 0.9137088384632295
33 29 8 15 0.6543659065770453
73 10 110 74 0.7928869941328816
315 57 316 317 0.875737119801705
53 318 53 319 0.9189428706708076
145 320 166 160 0.8443924447475956
321 271 168 169 0.8976338578749106
322 112 323 324 0.9600528223354159
173 325 326 59 0.9188349488065617
327 328 203 328 0.7288097686982957
329 217 330 331 0.9167684957835127
332 333 334 335 0.7827912703148239
336 100 337 338 0.7506100204755451
339 340 341 342 0.6229526080873157
343 191 143 344 0.8786797123519821
127 38 345 94 0.7956908059962884
262 87 346 98 0.8025842960792952
259 86 347 317 0.9311843681464173
87 88 230 117 0.8932584204756158
229 190 223 225 0.933444987760615
39 110 226 103 0.8803195016145624
82 61 220 38 0.9695707896246643
192 61 62 194 0.8923247297347102
194 60 632 54 0.5642368242453086
119 120 121 348 0.7811896374575467
349 115 350 186 0.97053107470828
131 351 166 160 0.927226003440086
329 61 304 155 0.9558600332950798
147 352 353 268 0.9189264682259097
168 169 354 79 0.8948055948309177
288 287 355 216 0.9495880646286264
356 212 357 168 0.7194153288478966
119 358 61 359 0.7832304172038875
173 174 360 59 0.9232004022231949
49 361 362 361 0.8586254816273369
363 364 365 366 0.6360288241768558
272 367 272 368 0.7290086194645641
275 174 369 149 0.9526771034499928
370 370 371 257 0.8561515720656973
372 373 374 261 0.9188349488065617
375 376 376 375 0.7645503719342382
68 377 265 157 0.9546517777911104
238 373 267 266 0.761426552699463
147 236 61 378 0.9741349575449663
73 94 379 380 0.8297622541871233
53 139 5 381 0.6328569249337117
382 129 383 384 0.9705310747082799
336 100 244 328 0.7288097686982957
214 385 355 216 0.9546517777911105
90 386 8 92 0.7637798090430551
59 386 176 31 0.7440031237450374
356 387 388 375 0.5692553414269765
147 389 210 155 0.8791068680921307
179 256 371 180 0.9285991788179035
304 228 307 390 0.8803195016145624
49 303 391 361 0.8458860463835013
81 302 9 295 0.7300417798117905
229 117 256 131 0.9665131584480515
392 86 393 134 0.8514245669079452
272 394 197 395 0.8459971565462908
288 396 215 216 0.9312082535769184
21 75 9 161 0.7388427597766437
42 41 397 398 0.9350280832906959
399 50 244 328 0.7506100204755451
9 83 10 127 0.6355347344484811
211 212 400 131 0.8025842960792952
272 401 143 402 0.7956908059962884
403 267 404 405 0.7126701391250055
239 376 632 632 0.419632193225723
287 406 407 408 0.8616094525679365
43 38 82 61 0.965837013514569
322 397 409 335 0.9554533938109595
251 250 410 205 0.8363827219111658
155 270 411 412 0.7470738695248844
413 288 215 414 0.7574896362656395
271 264 21 246 0.8549103827031324
264 415 156 157 0.9312082535769185
416 234 415 78 0.8976869746523365
295 9 277 61 0.7047069662035523
181 106 156 264 0.7574896362656395
417 115 418 160 0.9477564655139651
419 26 419 26 0.8953294025803477
52 38 291 38 0.8438394076194666
420 74 354 38 0.878679712351982
127 10 167 38 0.759939417235302
421 342 365 366 0.42416325039581704
422 117 423 424 0.7561969976269947
90 351 21 120 0.8647141866954805
425 412 426 188 0.8785863682872809
278 94 427 155 0.8527375037214321
428 86 429 430 0.817777768352667
170 148 8 431 0.8862149773852646
52 41 432 41 0.7652334640820057
101 100 244 433 0.8161930463858273
143 142 434 38 0.8903902059781326
420 74 434 38 0.8557540868893331
16 106 156 232 0.7145180033720341
37 18 179 160 0.7868071435532665
179 180 179 180 0.8454474830953406
111 112 180 145 0.8775485776064564
295 87 106 1 0.6459862818624498
297 86 84 93 0.8378655002580289
329 61 88 155 0.9456297283792194
435 241 436 145 0.7948092359599264
437 115 438 98 0.7620271533557745
147 226 21 171 0.9558600332950797
197 439 197 440 0.9631222248441893
441 442 443 442 0.49222679796270663
412 444 210 155 0.7810414524893542
445 446 445 446 0.8953294025803475
211 387 447 131 0.7359841623124459
336 224 448 328 0.8252538629192413
412 118 21 273 0.8327147801608419
240 449 450 137 0.8924098309809139
63 18 451 98 0.6679555739695608
452 18 453 186 0.8313822025370154
243 454 244 202 0.8470541146964905
111 397 454 48 0.8696298126696469
41 42 455 397 0.9155242412711423
456 245 203 245 1.00051724586709
39 456 39 280 0.8951582227064052
73 94 457 380 0.8459971565462907
247 397 458 459 0.9503681184768579
287 460 355 289 0.8891485869534315
147 207 8 148 0.9055013087122411
134 461 209 131 0.926258883445898
271 270 462 78 0.9350280832906959
463 155 206 143 0.9265291916369696
441 464 465 464 0.34677097919661576
466 129 467 468 0.7595890796666236
264 156 85 69 0.8771404578764201
469 143 340 239 0.8515651639970443
271 270 340 168 0.8811466016732097
287 470 471 408 0.7265261324490455
365 366 472 364 0.602233961647091
473 153 472 239 0.7462046991930242
131 209 363 134 0.9161986724056052
474 188 475 464 0.6328569249337117
170 171 121 476 0.9246628951616859
477 212 478 468 0.5510851583141183
375 479 376 375 0.7987398847118719
469 190 480 339 0.8872179010922803
481 342 482 468 0.34412105764846956
632 632 483 239 0.35031699491773094
38 312 312 38 0.9199359676995578
484 314 314 484 0.7053212150449546
52 41 313 38 0.8108408789873042
37 44 288 160 0.837080122173627
111 397 396 145 0.8976869746523365
33 123 124 15 0.695796180438118
485 107 85 486 0.9389848006889612
82 228 224 34 0.9667327525493566
192 217 487 219 0.9423926467347429
152 153 227 155 0.8585730580360017
307 390 227 228 0.8706539408221382
452 44 488 186 0.8671132922149553
489 87 490 186 0.9660109246467498
327 328 491 338 0.6781624137233387
412 230 143 401 0.759939417235302
178 296 370 492 0.7815077296220012
33 69 61 295 0.7529090908941741
493 112 290 78 0.962714089343021
494 174 495 317 0.9440664268104045
272 367 272 496 0.6964022835300575
372 364 497 317 0.9142355202821052
375 376 498 137 0.8615207858044958
632 499 632 632 0.10663711952984005
367 307 500 365 0.547968605939525
632 499 445 499 0.44766470129017377
455 143 208 143 0.8438394076194665
353 138 38 501 0.9491979082785548
502 267 503 131 0.7267732569486751
82 87 371 160 0.9665131584480515
484 504 215 289 0.7910612202955436
137 505 376 375 0.8583883773602814
21 70 38 292 0.9265291916369697
251 250 506 284 0.6218036148648983
469 143 376 239 0.8389275065318007
253 501 38 507 0.9549822774647806
256 371 370 508 0.9285991788179035
246 41 244 205 0.8101442364763684
143 142 206 143 0.9376382242754906
39 243 0 13 0.5666108608480759
406 509 314 287 0.9389848006889612
229 251 245 103 0.9667327525493568
143 250 312 38 0.8353660281803517
510 143 511 219 0.9549822774647806
56 512 513 59 0.8522573998328152
342 341 514 339 0.5700088433546627
515 442 506 632 0.3052356145551982
152 516 517 331 0.7569238045040344
474 353 518 442 0.7321264612547415
272 394 197 519 0.8297622541871233
370 492 179 257 0.8454474830953407
233 234 257 145 0.7804213641400367
499 498 498 499 0.6757903466322387
398 143 246 21 0.8721802461348986
252 217 520 147 0.9717809676930774
205 206 521 204 0.9412865801295319
271 522 71 246 0.8397605850424987
329 217 523 331 0.9246628951616859
469 117 156 168 0.8370801221736269
524 484 355 414 0.6173426029842646
271 525 143 208 0.8108408789873042
632 376 498 499 0.5574435651281131
343 526 143 344 0.8557540868893331
143 526 312 38 0.8903902059781326
527 155 528 380 0.9410201815934472
403 267 529 384 0.6629392712295376
530 373 531 430 0.8097938024294445
237 61 363 239 0.9042976324375495
332 234 532 324 0.8499484148596804
441 464 533 464 0.2983758445057629
412 411 210 155 0.7018879729542329
401 412 534 464 0.5474231297651342
422 117 535 468 0.6917371776872577
170 378 61 536 0.9717809676930775
101 537 362 537 0.881100902850348
26 419 141 220 0.9326606596660806
82 87 85 34 0.9325552341818304
280 10 419 10 0.8149530229081375
486 28 28 486 0.7053212150449546
403 342 538 384 0.6158690106755728
499 499 445 539 0.6320874075718091
412 309 21 273 0.8097891546981929
442 540 411 412 0.5267277514476931
406 287 355 541 0.9770286922137483
308 307 541 412 0.8704224180908563
246 41 215 155 0.8549103827031324
407 542 288 543 0.8432296415162284
233 333 543 145 0.7537307103659127
307 390 443 333 0.7141154014379434
79 232 8 37 0.8724006791781533
9 165 9 23 0.522497228359526
544 57 545 430 0.8074078127930056
452 18 546 547 0.7795110208144351
16 548 265 232 0.7920293232867245
392 86 146 149 0.8476012242162045
549 17 28 486 0.6517463182116837
37 44 100 34 0.8017556896988404
498 505 498 446 0.9039159919743036
71 101 71 52 0.9010427910122009
327 338 362 338 0.5614391339708719
365 366 341 342 0.3530464666442043
412 306 412 367 0.6133407410307546
474 188 550 464 0.600833223818198
208 155 445 155 0.8956412953470884
308 412 446 412 0.8149530229081375
401 442 285 412 0.635534734448481
253 551 119 552 0.7904423548334377
267 266 553 373 0.7440031237450374
473 153 553 239 0.7637798090430551
15 44 214 31 0.6294403194499857
245 244 100 554 0.8252538629192413
295 228 555 31 0.7623172835247668
556 46 557 459 0.8983651840949816
271 558 271 208 0.7652334640820057
559 380 560 380 0.9631222248441893
246 38 462 155 0.8721802461348986
252 61 461 147 0.9741349575449663
59 207 176 31 0.761426552699463
561 219 562 442 0.7351957468287194
259 204 563 317 0.9526771034499927
246 41 564 205 0.8397605850424987
336 328 203 433 0.8161930463858273
342 341 565 365 0.26278078068970334
632 365 362 365 0.23806349898974644
413 406 566 414 0.7785585818760647
502 342 567 103 0.7122638990057112
412 411 341 442 0.44421993365519374
484 484 355 289 0.7369934245950452
568 442 569 331 0.6808657366677776
481 267 570 468 0.40691998340283053
530 364 571 430 0.7851002552879587
370 572 572 508 0.7090601228697946
336 224 391 338 0.7809781899189808
367 307 391 365 0.5666108608480759
79 399 124 37 0.8817308542634905
524 524 573 414 0.4913200993987874
574 342 338 168 0.547286836155195
229 143 479 147 0.9695707896246643
147 209 21 171 0.9456297283792194
499 632 632 483 0.25687031303384184
515 442 341 632 0.2635312029678267
574 442 483 239 0.5740636831106886
575 188 576 632 0.5161871496182631
240 241 577 137 0.9370137422113971
310 129 578 375 0.8313822025370154
229 143 169 147 0.965837013514569
278 10 166 155 0.8327147801608419
245 203 328 579 0.8977014696714477
82 228 406 160 0.9699570862484082
170 268 253 580 0.9339156125375768
392 373 581 59 0.9256112206316021
101 433 203 433 0.9035763240733592
336 582 244 433 0.7948856934758057
493 397 582 78 0.9814859781803356
271 327 271 208 0.7192456819405361
463 155 270 143 0.9253255153622779
246 38 498 155 0.8836718904069953
367 412 499 632 0.40747651145406877
412 444 343 394 0.7585273874796805
101 224 391 537 0.9408090743587189
413 288 542 471 0.7145180033720341
469 117 370 375 0.7868071435532665
237 217 583 239 0.8862149773852646
52 38 505 38 0.8717024854669024
481 267 584 424 0.5034799021183025
81 485 38 82 0.9628055044571673
585 373 586 134 0.8885178937697735
247 112 587 459 0.9370137422113971
243 245 203 202 0.9408090743587189
229 225 509 143 0.9628055044571673
39 110 201 48 0.7611028834522154
510 194 142 143 0.9340301509779074
574 284 588 339 0.6849117936915684
524 524 471 471 0.30982493497546565
267 266 506 267 0.5379045609949222
574 442 514 239 0.6030727741512715
412 390 343 394 0.7928869941328816
271 336 71 246 0.8101442364763684
229 190 216 147 0.9709438634952818
275 325 589 134 0.8947188159540489
474 353 258 442 0.7460254580762216
469 190 337 339 0.8817308542634905
515 632 590 464 0.18502391109611627
356 212 591 375 0.6679555739695608
310 592 593 375 0.7795110208144352
525 156 85 486 0.8454682483263295
208 205 355 155 0.9137088384632294
469 251 484 375 0.7207491205113101
484 594 407 408 0.7030826082348535
416 333 594 137 0.8187578250565972
147 521 61 378 0.9589672002443188
632 632 565 632 0.05313839277792358
367 365 414 412 0.5097749574567917
502 342 413 131 0.6459862818624498
79 157 61 82 0.9709438634952818
595 174 596 430 0.8757371198017051
401 442 540 412 0.6102017564364487
502 147 539 442 0.7047069662035522
422 251 597 468 0.659395869177562
598 117 599 384 0.9477564655139649
372 373 600 317 0.9232004022231949
601 147 602 516 0.7832304172038874
243 603 391 361 0.8992225359171755
233 333 603 48 0.7577736471589582
194 176 632 54 0.5895698022573409
104 103 81 193 0.9420018577474824
121 292 38 604 0.9006522673038387
76 46 605 137 0.9578276827458949
367 412 366 632 0.4442434706566532
214 555 407 542 0.854665036653409
33 554 81 295 0.7475103139352425
530 373 606 607 0.8522573998328152
608 219 609 516 0.7904423548334377
420 38 610 380 0.8839734838683033
178 298 371 180 0.8582877433698674
297 204 202 93 0.8968758469091932
441 442 235 442 0.522497228359526
113 141 419 141 0.9039159919743036
208 205 203 205 0.9010427910122007
243 567 362 361 0.8458860463835013
502 225 566 442 0.7300417798117904
510 194 321 143 0.9491979082785548
194 320 9 139 0.7460254580762216
632 365 611 365 0.2030498105058564
612 234 613 459 0.7948092359599265
614 212 615 384 0.7620271533557744
336 338 362 537 0.7212700184106099
574 339 573 442 0.6462275475389307
574 342 524 375 0.4341801681919294
568 155 210 442 0.7212676499266129
574 267 572 375 0.5470672420538899
332 234 616 335 0.8156231764944242
484 524 471 408 0.5019233633384528
413 406 407 471 0.6695110242049495
367 307 407 632 0.49504600541252275
585 373 377 149 0.9167946498537682
502 267 617 103 0.7623172835247668
152 516 618 331 0.7811896374575467
79 579 81 82 0.933444987760615
493 112 492 137 0.9746757910728764
619 46 620 335 0.9642564174145302
469 190 542 239 0.8724006791781533
412 250 143 401 0.720642358197314
370 508 370 508 0.8454474830953407
416 234 508 137 0.8775485776064565
297 204 385 59 0.9167946498537682
147 389 353 268 0.8923247297347102
568 155 410 442 0.7388427597766436
632 365 471 632 0.13439854477845814
574 267 265 168 0.6294403194499857
228 227 352 225 0.9420018577474824
575 353 266 632 0.5895698022573409
473 516 621 239 0.6976644268960744
336 622 391 537 0.8470541146964906
416 333 622 78 0.869629812669647
575 353 421 632 0.5642368242453086
498 446 445 479 0.9326606596660806
229 251 287 131 0.9325552341818303
493 397 504 137 0.962714089343021
572 492 179 503 0.7815077296220012
502 284 289 147 0.752909090894174
623 241 624 459 0.832473950775433
124 549 38 37 0.8789912721843076
392 373 548 93 0.9070589258955924
353 312 38 501 0.9340301509779074
390 307 333 518 0.7611028834522154
105 617 265 232 0.854665036653409
502 225 448 284 0.7475103139352424
246 205 314 38 0.8696393347474013
412 411 412 367 0.5626097008022145
625 214 542 471 0.7920293232867245
392 204 460 134 0.8476012242162045
524 626 314 484 0.6517463182116837
469 251 328 168 0.8017556896988404
585 364 470 134 0.8378655002580289
197 344 143 627 0.8839734838683033
574 284 491 339 0.6957961804381179
256 393 371 257 0.9329315858135634
392 364 361 93 0.9192402217267527
574 284 408 239 0.6543659065770454
628 241 629 335 0.8983651840949817
581 178 492 572 0.7836439009261714
392 204 433 149 0.8745114720916337
463 143 630 331 0.9006522673038386
322 112 631 335 0.9578276827458948
71 486 143 246 0.8696393347474013
256 586 572 508 0.8582877433698674
585 364 537 149 0.8968758469091933
469 339 626 143 0.8789912721843076
392 364 625 59 0.9070589258955924
